Year	M(10^22 Am^2)
-10010	6.987
-10000	6.936
-9990	6.886
-9980	6.836
-9970	6.787
-9960	6.739
-9950	6.692
-9940	6.646
-9930	6.602
-9920	6.559
-9910	6.517
-9900	6.476
-9890	6.438
-9880	6.401
-9870	6.366
-9860	6.332
-9850	6.301
-9840	6.273
-9830	6.246
-9820	6.221
-9810	6.199
-9800	6.179
-9790	6.161
-9780	6.145
-9770	6.132
-9760	6.120
-9750	6.111
-9740	6.104
-9730	6.100
-9720	6.098
-9710	6.099
-9700	6.102
-9690	6.107
-9680	6.114
-9670	6.124
-9660	6.136
-9650	6.150
-9640	6.165
-9630	6.182
-9620	6.201
-9610	6.221
-9600	6.243
-9590	6.265
-9580	6.289
-9570	6.314
-9560	6.340
-9550	6.367
-9540	6.394
-9530	6.423
-9520	6.453
-9510	6.484
-9500	6.515
-9490	6.547
-9480	6.579
-9470	6.611
-9460	6.643
-9450	6.676
-9440	6.709
-9430	6.742
-9420	6.774
-9410	6.807
-9400	6.840
-9390	6.872
-9380	6.905
-9370	6.937
-9360	6.970
-9350	7.001
-9340	7.033
-9330	7.065
-9320	7.097
-9310	7.128
-9300	7.159
-9290	7.190
-9280	7.221
-9270	7.252
-9260	7.282
-9250	7.312
-9240	7.342
-9230	7.371
-9220	7.399
-9210	7.426
-9200	7.452
-9190	7.477
-9180	7.501
-9170	7.523
-9160	7.544
-9150	7.563
-9140	7.580
-9130	7.596
-9120	7.610
-9110	7.622
-9100	7.633
-9090	7.641
-9080	7.647
-9070	7.651
-9060	7.653
-9050	7.653
-9040	7.650
-9030	7.645
-9020	7.639
-9010	7.632
-9000	7.624
-8990	7.617
-8980	7.608
-8970	7.601
-8960	7.594
-8950	7.588
-8940	7.583
-8930	7.579
-8920	7.576
-8910	7.573
-8900	7.571
-8890	7.569
-8880	7.567
-8870	7.564
-8860	7.561
-8850	7.557
-8840	7.553
-8830	7.547
-8820	7.541
-8810	7.532
-8800	7.523
-8790	7.512
-8780	7.500
-8770	7.486
-8760	7.471
-8750	7.455
-8740	7.437
-8730	7.418
-8720	7.397
-8710	7.375
-8700	7.353
-8690	7.329
-8680	7.305
-8670	7.280
-8660	7.254
-8650	7.229
-8640	7.203
-8630	7.178
-8620	7.154
-8610	7.129
-8600	7.106
-8590	7.083
-8580	7.060
-8570	7.039
-8560	7.018
-8550	6.999
-8540	6.980
-8530	6.962
-8520	6.946
-8510	6.930
-8500	6.915
-8490	6.901
-8480	6.887
-8470	6.874
-8460	6.862
-8450	6.850
-8440	6.838
-8430	6.827
-8420	6.818
-8410	6.809
-8400	6.801
-8390	6.795
-8380	6.789
-8370	6.784
-8360	6.780
-8350	6.777
-8340	6.774
-8330	6.772
-8320	6.770
-8310	6.769
-8300	6.769
-8290	6.770
-8280	6.773
-8270	6.777
-8260	6.782
-8250	6.790
-8240	6.799
-8230	6.810
-8220	6.824
-8210	6.840
-8200	6.858
-8190	6.879
-8180	6.902
-8170	6.928
-8160	6.957
-8150	6.988
-8140	7.022
-8130	7.058
-8120	7.098
-8110	7.140
-8100	7.185
-8090	7.233
-8080	7.284
-8070	7.337
-8060	7.393
-8050	7.451
-8040	7.511
-8030	7.572
-8020	7.634
-8010	7.695
-8000	7.757
-7990	7.819
-7980	7.879
-7970	7.939
-7960	7.998
-7950	8.055
-7940	8.111
-7930	8.165
-7920	8.216
-7910	8.266
-7900	8.313
-7890	8.357
-7880	8.398
-7870	8.437
-7860	8.473
-7850	8.506
-7840	8.536
-7830	8.564
-7820	8.590
-7810	8.614
-7800	8.636
-7790	8.657
-7780	8.677
-7770	8.696
-7760	8.715
-7750	8.735
-7740	8.754
-7730	8.775
-7720	8.796
-7710	8.819
-7700	8.842
-7690	8.867
-7680	8.892
-7670	8.918
-7660	8.945
-7650	8.972
-7640	9.000
-7630	9.029
-7620	9.057
-7610	9.085
-7600	9.113
-7590	9.140
-7580	9.166
-7570	9.192
-7560	9.216
-7550	9.238
-7540	9.259
-7530	9.278
-7520	9.295
-7510	9.310
-7500	9.323
-7490	9.335
-7480	9.344
-7470	9.351
-7460	9.355
-7450	9.356
-7440	9.353
-7430	9.347
-7420	9.338
-7410	9.326
-7400	9.312
-7390	9.296
-7380	9.278
-7370	9.260
-7360	9.241
-7350	9.223
-7340	9.204
-7330	9.186
-7320	9.169
-7310	9.152
-7300	9.136
-7290	9.121
-7280	9.106
-7270	9.093
-7260	9.082
-7250	9.072
-7240	9.064
-7230	9.058
-7220	9.054
-7210	9.051
-7200	9.051
-7190	9.052
-7180	9.054
-7170	9.058
-7160	9.062
-7150	9.068
-7140	9.073
-7130	9.080
-7120	9.086
-7110	9.093
-7100	9.100
-7090	9.107
-7080	9.113
-7070	9.118
-7060	9.122
-7050	9.124
-7040	9.125
-7030	9.124
-7020	9.121
-7010	9.117
-7000	9.112
-6990	9.106
-6980	9.099
-6970	9.090
-6960	9.081
-6950	9.071
-6940	9.061
-6930	9.049
-6920	9.037
-6910	9.024
-6900	9.011
-6890	8.997
-6880	8.982
-6870	8.965
-6860	8.948
-6850	8.929
-6840	8.909
-6830	8.886
-6820	8.862
-6810	8.836
-6800	8.807
-6790	8.777
-6780	8.744
-6770	8.709
-6760	8.672
-6750	8.633
-6740	8.593
-6730	8.551
-6720	8.509
-6710	8.465
-6700	8.422
-6690	8.377
-6680	8.333
-6670	8.289
-6660	8.245
-6650	8.200
-6640	8.156
-6630	8.113
-6620	8.070
-6610	8.027
-6600	7.985
-6590	7.944
-6580	7.905
-6570	7.867
-6560	7.832
-6550	7.799
-6540	7.769
-6530	7.741
-6520	7.716
-6510	7.694
-6500	7.676
-6490	7.661
-6480	7.649
-6470	7.640
-6460	7.632
-6450	7.626
-6440	7.619
-6430	7.612
-6420	7.603
-6410	7.593
-6400	7.581
-6390	7.567
-6380	7.550
-6370	7.532
-6360	7.512
-6350	7.492
-6340	7.470
-6330	7.448
-6320	7.427
-6310	7.405
-6300	7.385
-6290	7.364
-6280	7.343
-6270	7.322
-6260	7.302
-6250	7.281
-6240	7.261
-6230	7.240
-6220	7.220
-6210	7.200
-6200	7.181
-6190	7.162
-6180	7.143
-6170	7.125
-6160	7.107
-6150	7.090
-6140	7.073
-6130	7.055
-6120	7.038
-6110	7.021
-6100	7.005
-6090	6.990
-6080	6.976
-6070	6.965
-6060	6.955
-6050	6.949
-6040	6.946
-6030	6.946
-6020	6.948
-6010	6.954
-6000	6.961
-5990	6.971
-5980	6.982
-5970	6.997
-5960	7.013
-5950	7.032
-5940	7.054
-5930	7.077
-5920	7.102
-5910	7.127
-5900	7.152
-5890	7.175
-5880	7.195
-5870	7.213
-5860	7.228
-5850	7.239
-5840	7.248
-5830	7.254
-5820	7.258
-5810	7.259
-5800	7.257
-5790	7.252
-5780	7.244
-5770	7.233
-5760	7.218
-5750	7.200
-5740	7.180
-5730	7.160
-5720	7.139
-5710	7.119
-5700	7.100
-5690	7.082
-5680	7.067
-5670	7.054
-5660	7.043
-5650	7.035
-5640	7.028
-5630	7.023
-5620	7.019
-5610	7.014
-5600	7.007
-5590	7.000
-5580	6.991
-5570	6.980
-5560	6.968
-5550	6.955
-5540	6.940
-5530	6.925
-5520	6.909
-5510	6.893
-5500	6.878
-5490	6.864
-5480	6.852
-5470	6.841
-5460	6.833
-5450	6.826
-5440	6.822
-5430	6.820
-5420	6.819
-5410	6.820
-5400	6.822
-5390	6.826
-5380	6.830
-5370	6.835
-5360	6.840
-5350	6.846
-5340	6.854
-5330	6.863
-5320	6.873
-5310	6.886
-5300	6.901
-5290	6.918
-5280	6.939
-5270	6.963
-5260	6.989
-5250	7.018
-5240	7.049
-5230	7.083
-5220	7.117
-5210	7.152
-5200	7.187
-5190	7.221
-5180	7.252
-5170	7.279
-5160	7.303
-5150	7.321
-5140	7.334
-5130	7.342
-5120	7.344
-5110	7.342
-5100	7.335
-5090	7.325
-5080	7.312
-5070	7.297
-5060	7.280
-5050	7.261
-5040	7.241
-5030	7.219
-5020	7.197
-5010	7.175
-5000	7.153
-4990	7.132
-4980	7.110
-4970	7.088
-4960	7.066
-4950	7.044
-4940	7.020
-4930	6.996
-4920	6.970
-4910	6.943
-4900	6.915
-4890	6.887
-4880	6.859
-4870	6.831
-4860	6.803
-4850	6.776
-4840	6.749
-4830	6.723
-4820	6.699
-4810	6.677
-4800	6.658
-4790	6.641
-4780	6.628
-4770	6.619
-4760	6.613
-4750	6.610
-4740	6.610
-4730	6.612
-4720	6.616
-4710	6.623
-4700	6.631
-4690	6.641
-4680	6.652
-4670	6.665
-4660	6.680
-4650	6.696
-4640	6.713
-4630	6.730
-4620	6.747
-4610	6.762
-4600	6.774
-4590	6.784
-4580	6.793
-4570	6.800
-4560	6.808
-4550	6.815
-4540	6.822
-4530	6.831
-4520	6.842
-4510	6.854
-4500	6.867
-4490	6.882
-4480	6.898
-4470	6.914
-4460	6.931
-4450	6.948
-4440	6.964
-4430	6.978
-4420	6.990
-4410	6.998
-4400	7.003
-4390	7.003
-4380	6.999
-4370	6.992
-4360	6.981
-4350	6.967
-4340	6.952
-4330	6.936
-4320	6.920
-4310	6.907
-4300	6.896
-4290	6.889
-4280	6.888
-4270	6.894
-4260	6.906
-4250	6.926
-4240	6.954
-4230	6.989
-4220	7.031
-4210	7.079
-4200	7.132
-4190	7.188
-4180	7.245
-4170	7.299
-4160	7.350
-4150	7.396
-4140	7.437
-4130	7.471
-4120	7.498
-4110	7.519
-4100	7.533
-4090	7.542
-4080	7.546
-4070	7.545
-4060	7.542
-4050	7.537
-4040	7.531
-4030	7.525
-4020	7.519
-4010	7.514
-4000	7.510
-3990	7.507
-3980	7.506
-3970	7.507
-3960	7.509
-3950	7.514
-3940	7.519
-3930	7.524
-3920	7.528
-3910	7.531
-3900	7.532
-3890	7.532
-3880	7.529
-3870	7.525
-3860	7.520
-3850	7.514
-3840	7.508
-3830	7.502
-3820	7.499
-3810	7.497
-3800	7.497
-3790	7.501
-3780	7.509
-3770	7.521
-3760	7.538
-3750	7.558
-3740	7.582
-3730	7.607
-3720	7.634
-3710	7.661
-3700	7.686
-3690	7.710
-3680	7.732
-3670	7.749
-3660	7.761
-3650	7.768
-3640	7.767
-3630	7.759
-3620	7.744
-3610	7.722
-3600	7.693
-3590	7.657
-3580	7.616
-3570	7.569
-3560	7.517
-3550	7.464
-3540	7.411
-3530	7.362
-3520	7.319
-3510	7.282
-3500	7.251
-3490	7.227
-3480	7.210
-3470	7.199
-3460	7.192
-3450	7.191
-3440	7.192
-3430	7.196
-3420	7.202
-3410	7.206
-3400	7.208
-3390	7.209
-3380	7.207
-3370	7.203
-3360	7.198
-3350	7.190
-3340	7.183
-3330	7.175
-3320	7.167
-3310	7.161
-3300	7.158
-3290	7.157
-3280	7.160
-3270	7.168
-3260	7.181
-3250	7.199
-3240	7.223
-3230	7.252
-3220	7.286
-3210	7.323
-3200	7.364
-3190	7.406
-3180	7.450
-3170	7.494
-3160	7.536
-3150	7.577
-3140	7.615
-3130	7.649
-3120	7.680
-3110	7.707
-3100	7.730
-3090	7.751
-3080	7.769
-3070	7.784
-3060	7.798
-3050	7.810
-3040	7.820
-3030	7.829
-3020	7.836
-3010	7.841
-3000	7.843
-2990	7.843
-2980	7.842
-2970	7.838
-2960	7.832
-2950	7.825
-2940	7.816
-2930	7.806
-2920	7.796
-2910	7.786
-2900	7.778
-2890	7.771
-2880	7.766
-2870	7.765
-2860	7.767
-2850	7.774
-2840	7.786
-2830	7.802
-2820	7.823
-2810	7.849
-2800	7.880
-2790	7.916
-2780	7.954
-2770	7.997
-2760	8.042
-2750	8.089
-2740	8.137
-2730	8.183
-2720	8.229
-2710	8.272
-2700	8.311
-2690	8.347
-2680	8.379
-2670	8.405
-2660	8.427
-2650	8.443
-2640	8.452
-2630	8.457
-2620	8.456
-2610	8.450
-2600	8.439
-2590	8.425
-2580	8.408
-2570	8.388
-2560	8.367
-2550	8.345
-2540	8.322
-2530	8.299
-2520	8.276
-2510	8.253
-2500	8.230
-2490	8.209
-2480	8.189
-2470	8.170
-2460	8.153
-2450	8.138
-2440	8.124
-2430	8.111
-2420	8.101
-2410	8.093
-2400	8.087
-2390	8.083
-2380	8.081
-2370	8.082
-2360	8.084
-2350	8.089
-2340	8.096
-2330	8.105
-2320	8.117
-2310	8.130
-2300	8.145
-2290	8.162
-2280	8.180
-2270	8.200
-2260	8.221
-2250	8.244
-2240	8.268
-2230	8.294
-2220	8.321
-2210	8.348
-2200	8.376
-2190	8.404
-2180	8.430
-2170	8.456
-2160	8.478
-2150	8.499
-2140	8.518
-2130	8.534
-2120	8.548
-2110	8.560
-2100	8.569
-2090	8.575
-2080	8.579
-2070	8.581
-2060	8.580
-2050	8.577
-2040	8.572
-2030	8.566
-2020	8.557
-2010	8.547
-2000	8.535
-1990	8.522
-1980	8.508
-1970	8.495
-1960	8.481
-1950	8.468
-1940	8.457
-1930	8.446
-1920	8.436
-1910	8.427
-1900	8.418
-1890	8.410
-1880	8.402
-1870	8.395
-1860	8.387
-1850	8.380
-1840	8.374
-1830	8.367
-1820	8.361
-1810	8.355
-1800	8.349
-1790	8.344
-1780	8.338
-1770	8.333
-1760	8.329
-1750	8.326
-1740	8.324
-1730	8.325
-1720	8.328
-1710	8.334
-1700	8.343
-1690	8.354
-1680	8.368
-1670	8.383
-1660	8.402
-1650	8.423
-1640	8.447
-1630	8.473
-1620	8.502
-1610	8.534
-1600	8.567
-1590	8.603
-1580	8.638
-1570	8.673
-1560	8.706
-1550	8.736
-1540	8.764
-1530	8.789
-1520	8.809
-1510	8.826
-1500	8.839
-1490	8.847
-1480	8.852
-1470	8.852
-1460	8.851
-1450	8.846
-1440	8.840
-1430	8.833
-1420	8.826
-1410	8.821
-1400	8.818
-1390	8.817
-1380	8.818
-1370	8.819
-1360	8.822
-1350	8.825
-1340	8.829
-1330	8.834
-1320	8.841
-1310	8.849
-1300	8.860
-1290	8.872
-1280	8.886
-1270	8.903
-1260	8.919
-1250	8.935
-1240	8.950
-1230	8.965
-1220	8.980
-1210	8.998
-1200	9.019
-1190	9.042
-1180	9.067
-1170	9.095
-1160	9.125
-1150	9.156
-1140	9.187
-1130	9.218
-1120	9.249
-1110	9.278
-1100	9.306
-1090	9.333
-1080	9.360
-1070	9.387
-1060	9.414
-1050	9.442
-1040	9.472
-1030	9.501
-1020	9.531
-1010	9.558
-1000	9.583
-990	9.604
-980	9.623
-970	9.638
-960	9.650
-950	9.658
-940	9.663
-930	9.666
-920	9.666
-910	9.664
-900	9.659
-890	9.650
-880	9.639
-870	9.624
-860	9.609
-850	9.593
-840	9.578
-830	9.563
-820	9.548
-810	9.532
-800	9.515
-790	9.498
-780	9.481
-770	9.463
-760	9.447
-750	9.431
-740	9.416
-730	9.402
-720	9.390
-710	9.379
-700	9.372
-690	9.367
-680	9.366
-670	9.369
-660	9.374
-650	9.379
-640	9.386
-630	9.392
-620	9.400
-610	9.410
-600	9.423
-590	9.438
-580	9.457
-570	9.480
-560	9.506
-550	9.536
-540	9.565
-530	9.593
-520	9.616
-510	9.635
-500	9.649
-490	9.657
-480	9.658
-470	9.655
-460	9.649
-450	9.642
-440	9.635
-430	9.630
-420	9.627
-410	9.626
-400	9.629
-390	9.634
-380	9.642
-370	9.652
-360	9.664
-350	9.677
-340	9.688
-330	9.697
-320	9.703
-310	9.705
-300	9.704
-290	9.699
-280	9.693
-270	9.685
-260	9.676
-250	9.669
-240	9.664
-230	9.662
-220	9.663
-210	9.669
-200	9.678
-190	9.691
-180	9.705
-170	9.720
-160	9.735
-150	9.748
-140	9.760
-130	9.770
-120	9.778
-110	9.785
-100	9.788
-90	9.789
-80	9.788
-70	9.783
-60	9.778
-50	9.771
-40	9.763
-30	9.755
-20	9.747
-10	9.740
0	9.733
10	9.727
20	9.721
30	9.717
40	9.714
50	9.712
60	9.713
70	9.716
80	9.722
90	9.731
100	9.741
110	9.755
120	9.770
130	9.787
140	9.805
150	9.824
160	9.843
170	9.864
180	9.886
190	9.911
200	9.937
210	9.966
220	9.994
230	10.020
240	10.044
250	10.063
260	10.076
270	10.081
280	10.078
290	10.068
300	10.051
310	10.028
320	10.002
330	9.972
340	9.940
350	9.906
360	9.872
370	9.838
380	9.803
390	9.769
400	9.735
410	9.702
420	9.670
430	9.643
440	9.618
450	9.598
460	9.581
470	9.566
480	9.555
490	9.546
500	9.538
510	9.532
520	9.526
530	9.519
540	9.510
550	9.498
560	9.481
570	9.460
580	9.435
590	9.406
600	9.374
610	9.340
620	9.303
630	9.264
640	9.224
650	9.184
660	9.146
670	9.111
680	9.080
690	9.055
700	9.034
710	9.020
720	9.013
730	9.011
740	9.014
750	9.019
760	9.024
770	9.030
780	9.037
790	9.043
800	9.049
810	9.055
820	9.059
830	9.061
840	9.062
850	9.060
860	9.057
870	9.052
880	9.045
890	9.037
900	9.029
910	9.022
920	9.015
930	9.011
940	9.009
950	9.011
960	9.016
970	9.025
980	9.035
990	9.048
1000	9.060
1010	9.073
1020	9.085
1030	9.096
1040	9.105
1050	9.113
1060	9.119
1070	9.123
1080	9.126
1090	9.126
1100	9.124
1110	9.120
1120	9.113
1130	9.103
1140	9.092
1150	9.079
1160	9.065
1170	9.050
1180	9.035
1190	9.021
1200	9.007
1210	8.995
1220	8.985
1230	8.980
1240	8.978
1250	8.981
1260	8.987
1270	8.996
1280	9.008
1290	9.021
1300	9.034
1310	9.047
1320	9.058
1330	9.066
1340	9.073
1350	9.076
1360	9.075
1370	9.072
1380	9.066
1390	9.058
1400	9.048
1410	9.038
1420	9.028
1430	9.018
1440	9.010
1450	9.003
1460	8.997
1470	8.993
1480	8.990
1490	8.987
1500	8.984
1510	8.980
1520	8.974
1530	8.966
1540	8.956
1550	8.942
1560	8.926
1570	8.909
1580	8.892
1590	8.877
1600	8.865
1610	8.857
1620	8.853
1630	8.853
1640	8.858
1650	8.866
1660	8.878
1670	8.890
1680	8.903
1690	8.914
1700	8.923
1710	8.929
1720	8.930
1730	8.926
1740	8.918
1750	8.906
1760	8.889
1770	8.867
1780	8.839
1790	8.805
1800	8.764
1810	8.719
1820	8.671
1830	8.621
1840	8.573
1850	8.525
1860	8.479
1870	8.432
1880	8.386
1890	8.340
1900	8.295
1910	8.250
1920	8.204
1930	8.159
1940	8.111
1950	8.061
1960	8.008
1970	7.952
1980	7.895
1990	7.837
