Age [ka BP]  DM [x10^22 Am^2]
100.00	4.21899
99.95	4.22450
99.90	4.24320
99.85	4.27597
99.80	4.32205
99.75	4.38067
99.70	4.45040
99.65	4.52946
99.60	4.61481
99.55	4.70257
99.50	4.78942
99.45	4.87318
99.40	4.95214
99.35	5.02548
99.30	5.09206
99.25	5.15086
99.20	5.20075
99.15	5.24046
99.10	5.26780
99.05	5.28114
99.00	5.28199
98.95	5.27171
98.90	5.25232
98.85	5.22498
98.80	5.19238
98.75	5.15614
98.70	5.11859
98.65	5.08082
98.60	5.04335
98.55	5.00534
98.50	4.96738
98.45	4.92891
98.40	4.89161
98.35	4.85673
98.30	4.82556
98.25	4.79920
98.20	4.77823
98.15	4.76202
98.10	4.75103
98.05	4.74480
98.00	4.74269
97.95	4.74365
97.90	4.74690
97.85	4.75084
97.80	4.75433
97.75	4.75535
97.70	4.75201
97.65	4.74255
97.60	4.72794
97.55	4.70936
97.50	4.68767
97.45	4.66453
97.40	4.64074
97.35	4.61844
97.30	4.59833
97.25	4.58281
97.20	4.57323
97.15	4.57160
97.10	4.57985
97.05	4.59927
97.00	4.62982
96.95	4.67139
96.90	4.72384
96.85	4.78592
96.80	4.85629
96.75	4.93257
96.70	5.01272
96.65	5.09482
96.60	5.17752
96.55	5.25946
96.50	5.33950
96.45	5.41562
96.40	5.48460
96.35	5.54203
96.30	5.58413
96.25	5.60736
96.20	5.61247
96.15	5.60028
96.10	5.57233
96.05	5.53025
96.00	5.47850
95.95	5.42089
95.90	5.36278
95.85	5.30783
95.80	5.25937
95.75	5.21955
95.70	5.19078
95.65	5.17549
95.60	5.17258
95.55	5.18064
95.50	5.19814
95.45	5.22361
95.40	5.25508
95.35	5.29063
95.30	5.32832
95.25	5.36660
95.20	5.40373
95.15	5.43892
95.10	5.47076
95.05	5.49833
95.00	5.52131
94.95	5.53921
94.90	5.55089
94.85	5.55596
94.80	5.55257
94.75	5.53914
94.70	5.51331
94.65	5.47378
94.60	5.42225
94.55	5.36034
94.50	5.29134
94.45	5.21805
94.40	5.14356
94.35	5.07198
94.30	5.00688
94.25	4.95081
94.20	4.90686
94.15	4.87779
94.10	4.86649
94.05	4.87564
94.00	4.90477
93.95	4.95291
93.90	5.01851
93.85	5.09955
93.80	5.19042
93.75	5.28500
93.70	5.37653
93.65	5.45954
93.60	5.53111
93.55	5.58923
93.50	5.63247
93.45	5.65999
93.40	5.67423
93.35	5.67901
93.30	5.67822
93.25	5.67520
93.20	5.67250
93.15	5.67261
93.10	5.67751
93.05	5.68850
93.00	5.70532
92.95	5.72808
92.90	5.75644
92.85	5.78996
92.80	5.82793
92.75	5.87033
92.70	5.91617
92.65	5.96489
92.60	6.01464
92.55	6.06287
92.50	6.10721
92.45	6.14605
92.40	6.17986
92.35	6.21049
92.30	6.23951
92.25	6.26843
92.20	6.29884
92.15	6.33147
92.10	6.36830
92.05	6.41012
92.00	6.45522
91.95	6.50229
91.90	6.55007
91.85	6.59685
91.80	6.64305
91.75	6.68910
91.70	6.73514
91.65	6.78148
91.60	6.82869
91.55	6.87662
91.50	6.92542
91.45	6.97485
91.40	7.02391
91.35	7.07214
91.30	7.11809
91.25	7.16195
91.20	7.20376
91.15	7.24394
91.10	7.28398
91.05	7.32359
91.00	7.36158
90.95	7.39600
90.90	7.42458
90.85	7.44580
90.80	7.45818
90.75	7.46021
90.70	7.45144
90.65	7.43051
90.60	7.39923
90.55	7.35916
90.50	7.31233
90.45	7.26017
90.40	7.20341
90.35	7.14246
90.30	7.07797
90.25	7.01053
90.20	6.94107
90.15	6.87051
90.10	6.80010
90.05	6.73082
90.00	6.66513
89.95	6.60473
89.90	6.55234
89.85	6.50990
89.80	6.47801
89.75	6.45778
89.70	6.45007
89.65	6.45509
89.60	6.47106
89.55	6.49627
89.50	6.52845
89.45	6.56524
89.40	6.60548
89.35	6.64747
89.30	6.68977
89.25	6.73148
89.20	6.77447
89.15	6.82164
89.10	6.87567
89.05	6.93865
89.00	7.01118
88.95	7.09345
88.90	7.18533
88.85	7.28562
88.80	7.39170
88.75	7.49939
88.70	7.60467
88.65	7.70362
88.60	7.79355
88.55	7.87174
88.50	7.93594
88.45	7.98474
88.40	8.01830
88.35	8.03804
88.30	8.04465
88.25	8.03896
88.20	8.02380
88.15	8.00226
88.10	7.97697
88.05	7.95043
88.00	7.92384
87.95	7.89705
87.90	7.87083
87.85	7.84571
87.80	7.82168
87.75	7.79921
87.70	7.77950
87.65	7.76256
87.60	7.74890
87.55	7.73826
87.50	7.73020
87.45	7.72529
87.40	7.72492
87.35	7.73016
87.30	7.74178
87.25	7.75913
87.20	7.77920
87.15	7.79869
87.10	7.81368
87.05	7.82190
87.00	7.82190
86.95	7.81303
86.90	7.79409
86.85	7.76543
86.80	7.72868
86.75	7.68595
86.70	7.63964
86.65	7.59165
86.60	7.54190
86.55	7.49007
86.50	7.43517
86.45	7.37690
86.40	7.31592
86.35	7.25307
86.30	7.18907
86.25	7.12433
86.20	7.05899
86.15	6.99293
86.10	6.92638
86.05	6.85937
86.00	6.79261
85.95	6.72627
85.90	6.66123
85.85	6.59789
85.80	6.53797
85.75	6.48231
85.70	6.43327
85.65	6.39220
85.60	6.36145
85.55	6.34335
85.50	6.34073
85.45	6.35503
85.40	6.38392
85.35	6.42478
85.30	6.47473
85.25	6.53064
85.20	6.58985
85.15	6.64899
85.10	6.70524
85.05	6.75613
85.00	6.80253
84.95	6.84578
84.90	6.88689
84.85	6.92729
84.80	6.96892
84.75	7.01310
84.70	7.06212
84.65	7.11700
84.60	7.17644
84.55	7.23854
84.50	7.30153
84.45	7.36275
84.40	7.42022
84.35	7.47052
84.30	7.51055
84.25	7.53797
84.20	7.55250
84.15	7.55430
84.10	7.54414
84.05	7.52261
84.00	7.49194
83.95	7.45482
83.90	7.41336
83.85	7.36965
83.80	7.32357
83.75	7.27479
83.70	7.22284
83.65	7.16747
83.60	7.10871
83.55	7.04681
83.50	6.98180
83.45	6.91422
83.40	6.84675
83.35	6.78093
83.30	6.71945
83.25	6.66446
83.20	6.61846
83.15	6.58485
83.10	6.56648
83.05	6.56615
83.00	6.58379
82.95	6.61845
82.90	6.66971
82.85	6.73613
82.80	6.81569
82.75	6.90569
82.70	7.00322
82.65	7.10571
82.60	7.21110
82.55	7.31749
82.50	7.42213
82.45	7.52306
82.40	7.61677
82.35	7.70084
82.30	7.77224
82.25	7.82948
82.20	7.87291
82.15	7.90376
82.10	7.92331
82.05	7.93389
82.00	7.93702
81.95	7.93440
81.90	7.92751
81.85	7.91744
81.80	7.90521
81.75	7.89097
81.70	7.87403
81.65	7.85405
81.60	7.82910
81.55	7.79753
81.50	7.75802
81.45	7.70980
81.40	7.65553
81.35	7.59810
81.30	7.54186
81.25	7.48970
81.20	7.44324
81.15	7.40404
81.10	7.37313
81.05	7.35068
81.00	7.33428
80.95	7.32141
80.90	7.30858
80.85	7.29325
80.80	7.27285
80.75	7.24634
80.70	7.21138
80.65	7.16716
80.60	7.11469
80.55	7.05677
80.50	6.99492
80.45	6.93206
80.40	6.87149
80.35	6.81690
80.30	6.77245
80.25	6.74109
80.20	6.72414
80.15	6.72162
80.10	6.73406
80.05	6.76138
80.00	6.80159
79.95	6.85299
79.90	6.91273
79.85	6.97893
79.80	7.05029
79.75	7.12664
79.70	7.20740
79.65	7.29097
79.60	7.37320
79.55	7.44945
79.50	7.51484
79.45	7.56479
79.40	7.59953
79.35	7.61901
79.30	7.62395
79.25	7.61500
79.20	7.59664
79.15	7.57407
79.10	7.55172
79.05	7.53378
79.00	7.51885
78.95	7.50423
78.90	7.48742
78.85	7.46617
78.80	7.44095
78.75	7.41222
78.70	7.38096
78.65	7.34840
78.60	7.31615
78.55	7.28634
78.50	7.26163
78.45	7.24366
78.40	7.23310
78.35	7.23067
78.30	7.23709
78.25	7.25270
78.20	7.27710
78.15	7.30911
78.10	7.34790
78.05	7.39224
78.00	7.43882
77.95	7.48369
77.90	7.52362
77.85	7.55489
77.80	7.57779
77.75	7.59223
77.70	7.59894
77.65	7.59838
77.60	7.59117
77.55	7.57840
77.50	7.56035
77.45	7.53779
77.40	7.50913
77.35	7.47277
77.30	7.42682
77.25	7.37037
77.20	7.30522
77.15	7.23435
77.10	7.15991
77.05	7.08427
77.00	7.00784
76.95	6.93136
76.90	6.85484
76.85	6.77908
76.80	6.70688
76.75	6.64135
76.70	6.58559
76.65	6.54228
76.60	6.51337
76.55	6.49981
76.50	6.50385
76.45	6.52559
76.40	6.56312
76.35	6.61412
76.30	6.67572
76.25	6.74504
76.20	6.81888
76.15	6.89383
76.10	6.96616
76.05	7.03214
76.00	7.09020
75.95	7.13935
75.90	7.17840
75.85	7.20668
75.80	7.22489
75.75	7.23378
75.70	7.23387
75.65	7.22623
75.60	7.21118
75.55	7.18933
75.50	7.16133
75.45	7.12788
75.40	7.08864
75.35	7.04406
75.30	6.99411
75.25	6.93896
75.20	6.87925
75.15	6.81511
75.10	6.74717
75.05	6.67679
75.00	6.60622
74.95	6.53838
74.90	6.47636
74.85	6.42300
74.80	6.38082
74.75	6.35235
74.70	6.34046
74.65	6.34718
74.60	6.37281
74.55	6.41708
74.50	6.47949
74.45	6.55982
74.40	6.65418
74.35	6.75919
74.30	6.87100
74.25	6.98528
74.20	7.09746
74.15	7.20142
74.10	7.29201
74.05	7.36448
74.00	7.41917
73.95	7.45738
73.90	7.48074
73.85	7.49056
73.80	7.48707
73.75	7.47126
73.70	7.44360
73.65	7.40483
73.60	7.35624
73.55	7.29964
73.50	7.23658
73.45	7.16939
73.40	7.10009
73.35	7.03195
73.30	6.96747
73.25	6.90942
73.20	6.85791
73.15	6.81387
73.10	6.77723
73.05	6.74860
73.00	6.72629
72.95	6.70873
72.90	6.69354
72.85	6.68010
72.80	6.66968
72.75	6.66490
72.70	6.66772
72.65	6.68030
72.60	6.70194
72.55	6.73047
72.50	6.76461
72.45	6.80211
72.40	6.83964
72.35	6.87315
72.30	6.89898
72.25	6.91337
72.20	6.91553
72.15	6.90477
72.10	6.88073
72.05	6.84391
72.00	6.79594
71.95	6.74004
71.90	6.67866
71.85	6.61472
71.80	6.55199
71.75	6.49467
71.70	6.44645
71.65	6.41088
71.60	6.38904
71.55	6.38139
71.50	6.38837
71.45	6.40926
71.40	6.44002
71.35	6.47438
71.30	6.50681
71.25	6.53308
71.20	6.55436
71.15	6.57360
71.10	6.59318
71.05	6.61550
71.00	6.64287
70.95	6.67712
70.90	6.72066
70.85	6.77439
70.80	6.83586
70.75	6.90175
70.70	6.96898
70.65	7.03360
70.60	7.09296
70.55	7.14410
70.50	7.18407
70.45	7.21086
70.40	7.22539
70.35	7.22904
70.30	7.22344
70.25	7.21013
70.20	7.19112
70.15	7.16858
70.10	7.14390
70.05	7.11905
70.00	7.09228
69.95	7.06222
69.90	7.02759
69.85	6.98663
69.80	6.94022
69.75	6.88840
69.70	6.83159
69.65	6.77037
69.60	6.70610
69.55	6.63988
69.50	6.57299
69.45	6.50719
69.40	6.44388
69.35	6.38519
69.30	6.33278
69.25	6.28861
69.20	6.25339
69.15	6.22709
69.10	6.21045
69.05	6.20346
69.00	6.20634
68.95	6.21926
68.90	6.24130
68.85	6.27261
68.80	6.31124
68.75	6.35580
68.70	6.40437
68.65	6.45476
68.60	6.50387
68.55	6.54804
68.50	6.58385
68.45	6.60833
68.40	6.62000
68.35	6.61841
68.30	6.60306
68.25	6.57319
68.20	6.53019
68.15	6.47529
68.10	6.40996
68.05	6.33631
68.00	6.25932
67.95	6.18451
67.90	6.11686
67.85	6.06091
67.80	6.01850
67.75	5.99003
67.70	5.97581
67.65	5.97593
67.60	5.98773
67.55	6.00859
67.50	6.03487
67.45	6.06442
67.40	6.09521
67.35	6.12586
67.30	6.15517
67.25	6.18124
67.20	6.20174
67.15	6.21397
67.10	6.21600
67.05	6.20569
67.00	6.18548
66.95	6.15760
66.90	6.12490
66.85	6.09033
66.80	6.05654
66.75	6.02627
66.70	6.00158
66.65	5.98370
66.60	5.97227
66.55	5.96655
66.50	5.96646
66.45	5.97099
66.40	5.97946
66.35	5.98988
66.30	6.00124
66.25	6.01269
66.20	6.02407
66.15	6.03651
66.10	6.05049
66.05	6.06723
66.00	6.08559
65.95	6.10439
65.90	6.12207
65.85	6.13714
65.80	6.14775
65.75	6.15186
65.70	6.14781
65.65	6.13360
65.60	6.11001
65.55	6.07851
65.50	6.03991
65.45	5.99532
65.40	5.94639
65.35	5.89475
65.30	5.84136
65.25	5.78817
65.20	5.73452
65.15	5.68022
65.10	5.62455
65.05	5.56730
65.00	5.51029
64.95	5.45585
64.90	5.40638
64.85	5.36398
64.80	5.32900
64.75	5.30100
64.70	5.28060
64.65	5.26744
64.60	5.26090
64.55	5.26007
64.50	5.26427
64.45	5.27271
64.40	5.28329
64.35	5.29451
64.30	5.30423
64.25	5.31032
64.20	5.31045
64.15	5.30216
64.10	5.28307
64.05	5.25229
64.00	5.21207
63.95	5.16539
63.90	5.11598
63.85	5.06659
63.80	5.01969
63.75	4.97725
63.70	4.94118
63.65	4.91308
63.60	4.89319
63.55	4.88088
63.50	4.87524
63.45	4.87551
63.40	4.88287
63.35	4.89912
63.30	4.92595
63.25	4.96490
63.20	5.01483
63.15	5.07361
63.10	5.13962
63.05	5.21081
63.00	5.28449
62.95	5.35779
62.90	5.42747
62.85	5.49134
62.80	5.54781
62.75	5.59684
62.70	5.63744
62.65	5.66987
62.60	5.69428
62.55	5.71155
62.50	5.72261
62.45	5.72813
62.40	5.72691
62.35	5.71793
62.30	5.69970
62.25	5.67132
62.20	5.63367
62.15	5.58753
62.10	5.53402
62.05	5.47325
62.00	5.40715
61.95	5.33710
61.90	5.26446
61.85	5.19126
61.80	5.11981
61.75	5.05276
61.70	4.99248
61.65	4.94117
61.60	4.89899
61.55	4.86646
61.50	4.84342
61.45	4.83032
61.40	4.82746
61.35	4.83603
61.30	4.85621
61.25	4.88866
61.20	4.93285
61.15	4.98855
61.10	5.05474
61.05	5.13108
61.00	5.21504
60.95	5.30502
60.90	5.39847
60.85	5.49377
60.80	5.58731
60.75	5.67601
60.70	5.75588
60.65	5.82433
60.60	5.88030
60.55	5.92352
60.50	5.95371
60.45	5.97179
60.40	5.98045
60.35	5.98329
60.30	5.98426
60.25	5.98675
60.20	5.99296
60.15	6.00489
60.10	6.02513
60.05	6.05511
60.00	6.09387
59.95	6.14023
59.90	6.19294
59.85	6.25145
59.80	6.31487
59.75	6.38287
59.70	6.45348
59.65	6.52518
59.60	6.59317
59.55	6.65317
59.50	6.69918
59.45	6.72680
59.40	6.73372
59.35	6.71839
59.30	6.67978
59.25	6.61861
59.20	6.54134
59.15	6.45672
59.10	6.37262
59.05	6.29631
59.00	6.23054
58.95	6.17719
58.90	6.13776
58.85	6.11299
58.80	6.09981
58.75	6.09583
58.70	6.09806
58.65	6.10422
58.60	6.11297
58.55	6.12394
58.50	6.13606
58.45	6.14932
58.40	6.16317
58.35	6.17730
58.30	6.19160
58.25	6.20617
58.20	6.22269
58.15	6.24370
58.10	6.27106
58.05	6.30626
58.00	6.34848
57.95	6.39748
57.90	6.45232
57.85	6.51105
57.80	6.56904
57.75	6.62035
57.70	6.65904
57.65	6.68049
57.60	6.68472
57.55	6.67289
57.50	6.64641
57.45	6.60710
57.40	6.55904
57.35	6.50656
57.30	6.45439
57.25	6.40636
57.20	6.36573
57.15	6.33552
57.10	6.31820
57.05	6.31709
57.00	6.33292
56.95	6.36753
56.90	6.42172
56.85	6.49603
56.80	6.58738
56.75	6.69209
56.70	6.80615
56.65	6.92549
56.60	7.04514
56.55	7.15992
56.50	7.26501
56.45	7.35615
56.40	7.43298
56.35	7.49502
56.30	7.54273
56.25	7.57622
56.20	7.59848
56.15	7.61302
56.10	7.62367
56.05	7.63320
56.00	7.64225
55.95	7.65114
55.90	7.65980
55.85	7.66801
55.80	7.67631
55.75	7.68514
55.70	7.69540
55.65	7.70712
55.60	7.72119
55.55	7.73812
55.50	7.75913
55.45	7.78366
55.40	7.81139
55.35	7.84081
55.30	7.87050
55.25	7.89976
55.20	7.92716
55.15	7.95137
55.10	7.97155
55.05	7.98713
55.00	8.00222
54.95	8.02252
54.90	8.05188
54.85	8.09414
54.80	8.14811
54.75	8.21140
54.70	8.28191
54.65	8.35744
54.60	8.43563
54.55	8.51372
54.50	8.58924
54.45	8.66025
54.40	8.72525
54.35	8.78352
54.30	8.83346
54.25	8.87450
54.20	8.90603
54.15	8.92769
54.10	8.93910
54.05	8.94095
54.00	8.93587
53.95	8.92758
53.90	8.92005
53.85	8.91598
53.80	8.91433
53.75	8.91352
53.70	8.91164
53.65	8.90727
53.60	8.90159
53.55	8.89653
53.50	8.89356
53.45	8.89474
53.40	8.90231
53.35	8.91856
53.30	8.94523
53.25	8.98350
53.20	9.02853
53.15	9.07364
53.10	9.11235
53.05	9.13896
53.00	9.14926
52.95	9.13901
52.90	9.10500
52.85	9.04512
52.80	8.96557
52.75	8.87411
52.70	8.77876
52.65	8.68673
52.60	8.60084
52.55	8.52391
52.50	8.45771
52.45	8.40380
52.40	8.36019
52.35	8.32390
52.30	8.29191
52.25	8.26170
52.20	8.23276
52.15	8.20428
52.10	8.17646
52.05	8.14895
52.00	8.12172
51.95	8.09547
51.90	8.07062
51.85	8.04757
51.80	8.02867
51.75	8.01578
51.70	8.01135
51.65	8.01730
51.60	8.03532
51.55	8.06652
51.50	8.11174
51.45	8.17149
51.40	8.24336
51.35	8.32338
51.30	8.40837
51.25	8.49488
51.20	8.57829
51.15	8.65452
51.10	8.71925
51.05	8.76913
51.00	8.80471
50.95	8.82721
50.90	8.83805
50.85	8.83822
50.80	8.82928
50.75	8.81275
50.70	8.79000
50.65	8.76208
50.60	8.72836
50.55	8.68726
50.50	8.63634
50.45	8.57467
50.40	8.50527
50.35	8.43266
50.30	8.36079
50.25	8.29312
50.20	8.23224
50.15	8.17987
50.10	8.13807
50.05	8.10827
50.00	8.08787
49.95	8.07356
49.90	8.06250
49.85	8.05132
49.80	8.03942
49.75	8.02575
49.70	8.00914
49.65	7.98906
49.60	7.96738
49.55	7.94580
49.50	7.92668
49.45	7.91224
49.40	7.90369
49.35	7.90209
49.30	7.90807
49.25	7.92217
49.20	7.94443
49.15	7.97556
49.10	8.01527
49.05	8.06376
49.00	8.11753
48.95	8.17307
48.90	8.22634
48.85	8.27381
48.80	8.31231
48.75	8.33870
48.70	8.34960
48.65	8.34243
48.60	8.31853
48.55	8.28080
48.50	8.23177
48.45	8.17517
48.40	8.11648
48.35	8.06267
48.30	8.01984
48.25	7.99260
48.20	7.97972
48.15	7.97836
48.10	7.98563
48.05	7.99837
48.00	8.01362
47.95	8.02793
47.90	8.03784
47.85	8.04066
47.80	8.03615
47.75	8.02375
47.70	8.00421
47.65	7.97763
47.60	7.94780
47.55	7.91917
47.50	7.89595
47.45	7.88135
47.40	7.87521
47.35	7.87632
47.30	7.88272
47.25	7.89173
47.20	7.89838
47.15	7.89624
47.10	7.88007
47.05	7.84423
47.00	7.78716
46.95	7.70732
46.90	7.60291
46.85	7.47450
46.80	7.32829
46.75	7.17269
46.70	7.01547
46.65	6.86345
46.60	6.72110
46.55	6.59224
46.50	6.47984
46.45	6.38624
46.40	6.31091
46.35	6.25345
46.30	6.21223
46.25	6.18651
46.20	6.17447
46.15	6.17472
46.10	6.18526
46.05	6.20483
46.00	6.23358
45.95	6.27124
45.90	6.31793
45.85	6.37378
45.80	6.43853
45.75	6.51148
45.70	6.59277
45.65	6.68078
45.60	6.77129
45.55	6.85958
45.50	6.94125
45.45	7.01215
45.40	7.06973
45.35	7.11267
45.30	7.13865
45.25	7.14744
45.20	7.14234
45.15	7.12747
45.10	7.10795
45.05	7.08753
45.00	7.06925
44.95	7.05548
44.90	7.04902
44.85	7.05068
44.80	7.05806
44.75	7.06686
44.70	7.07308
44.65	7.07337
44.60	7.06465
44.55	7.04482
44.50	7.01061
44.45	6.96041
44.40	6.89768
44.35	6.82666
44.30	6.75167
44.25	6.67707
44.20	6.60571
44.15	6.54036
44.10	6.48367
44.05	6.43736
44.00	6.40066
43.95	6.37237
43.90	6.35090
43.85	6.33399
43.80	6.31847
43.75	6.30120
43.70	6.27886
43.65	6.24819
43.60	6.20801
43.55	6.15666
43.50	6.09301
43.45	6.01631
43.40	5.92680
43.35	5.82513
43.30	5.71147
43.25	5.58657
43.20	5.45428
43.15	5.31892
43.10	5.18424
43.05	5.05464
43.00	4.93235
42.95	4.82012
42.90	4.71955
42.85	4.63233
42.80	4.55844
42.75	4.49708
42.70	4.44817
42.65	4.41176
42.60	4.38672
42.55	4.37097
42.50	4.36285
42.45	4.36051
42.40	4.36354
42.35	4.37278
42.30	4.38912
42.25	4.41245
42.20	4.44003
42.15	4.46907
42.10	4.49585
42.05	4.51665
42.00	4.52607
41.95	4.51856
41.90	4.48944
41.85	4.43530
41.80	4.35837
41.75	4.26341
41.70	4.15382
41.65	4.03307
41.60	3.90312
41.55	3.76598
41.50	3.62353
41.45	3.47869
41.40	3.33349
41.35	3.19080
41.30	3.05258
41.25	2.92184
41.20	2.80245
41.15	2.69881
41.10	2.61474
41.05	2.55268
41.00	2.51027
40.95	2.48395
40.90	2.46979
40.85	2.46478
40.80	2.47126
40.75	2.49318
40.70	2.53461
40.65	2.59955
40.60	2.69154
40.55	2.81287
40.50	2.96684
40.45	3.15366
40.40	3.36542
40.35	3.59216
40.30	3.82321
40.25	4.04867
40.20	4.26133
40.15	4.45376
40.10	4.61820
40.05	4.74804
40.00	4.84527
39.95	4.91363
39.90	4.95711
39.85	4.98087
39.80	4.99311
39.75	5.00279
39.70	5.01931
39.65	5.04935
39.60	5.09330
39.55	5.14924
39.50	5.21609
39.45	5.29169
39.40	5.37123
39.35	5.44923
39.30	5.52015
39.25	5.57850
39.20	5.62239
39.15	5.65059
39.10	5.66202
39.05	5.65712
39.00	5.64074
38.95	5.61874
38.90	5.59607
38.85	5.57737
38.80	5.56423
38.75	5.55797
38.70	5.56074
38.65	5.57308
38.60	5.59138
38.55	5.61115
38.50	5.62711
38.45	5.63484
38.40	5.63265
38.35	5.61975
38.30	5.59391
38.25	5.55354
38.20	5.50072
38.15	5.43849
38.10	5.36937
38.05	5.29695
38.00	5.22120
37.95	5.14267
37.90	5.06108
37.85	4.97691
37.80	4.89222
37.75	4.80943
37.70	4.73128
37.65	4.66079
37.60	4.60292
37.55	4.56210
37.50	4.54344
37.45	4.55020
37.40	4.58225
37.35	4.63749
37.30	4.71359
37.25	4.80739
37.20	4.91562
37.15	5.03410
37.10	5.15921
37.05	5.28794
37.00	5.41690
36.95	5.54324
36.90	5.66391
36.85	5.77661
36.80	5.88102
36.75	5.97734
36.70	6.06684
36.65	6.15034
36.60	6.22970
36.55	6.30836
36.50	6.38824
36.45	6.47225
36.40	6.55981
36.35	6.65048
36.30	6.74281
36.25	6.83484
36.20	6.92066
36.15	6.99290
36.10	7.04502
36.05	7.07204
36.00	7.07501
35.95	7.05679
35.90	7.02051
35.85	6.97021
35.80	6.91356
35.75	6.85958
35.70	6.81724
35.65	6.79211
35.60	6.78026
35.55	6.77438
35.50	6.76739
35.45	6.75349
35.40	6.73239
35.35	6.70507
35.30	6.67230
35.25	6.63373
35.20	6.58933
35.15	6.53768
35.10	6.47849
35.05	6.41078
35.00	6.33515
34.95	6.25257
34.90	6.16347
34.85	6.06962
34.80	5.97620
34.75	5.88833
34.70	5.81163
34.65	5.75064
34.60	5.70610
34.55	5.67700
34.50	5.66284
34.45	5.66141
34.40	5.66951
34.35	5.68258
34.30	5.69602
34.25	5.70744
34.20	5.71976
34.15	5.73784
34.10	5.76648
34.05	5.81010
34.00	5.86821
33.95	5.93884
33.90	6.02032
33.85	6.10966
33.80	6.20039
33.75	6.28601
33.70	6.35913
33.65	6.41385
33.60	6.44910
33.55	6.46526
33.50	6.46319
33.45	6.44488
33.40	6.41701
33.35	6.38690
33.30	6.36216
33.25	6.34868
33.20	6.34791
33.15	6.35951
33.10	6.38342
33.05	6.41917
33.00	6.46201
32.95	6.50620
32.90	6.54673
32.85	6.57860
32.80	6.60119
32.75	6.61436
32.70	6.61841
32.65	6.61349
32.60	6.60257
32.55	6.58937
32.50	6.57741
32.45	6.56970
32.40	6.56776
32.35	6.57104
32.30	6.57951
32.25	6.59130
32.20	6.60235
32.15	6.60890
32.10	6.60667
32.05	6.59190
32.00	6.56435
31.95	6.52288
31.90	6.46723
31.85	6.39777
31.80	6.31627
31.75	6.22627
31.70	6.13100
31.65	6.03399
31.60	5.94246
31.55	5.86467
31.50	5.80881
31.45	5.78051
31.40	5.77898
31.35	5.80145
31.30	5.84469
31.25	5.90557
31.20	5.97991
31.15	6.06202
31.10	6.14721
31.05	6.23070
31.00	6.30895
30.95	6.37914
30.90	6.43776
30.85	6.48275
30.80	6.51659
30.75	6.54398
30.70	6.56942
30.65	6.59623
30.60	6.62694
30.55	6.66314
30.50	6.70672
30.45	6.75800
30.40	6.81431
30.35	6.87076
30.30	6.92339
30.25	6.96720
30.20	6.99769
30.15	7.01048
30.10	7.00041
30.05	6.96517
30.00	6.90794
29.95	6.83463
29.90	6.75058
29.85	6.66083
29.80	6.57064
29.75	6.48529
29.70	6.40977
29.65	6.34882
29.60	6.30268
29.55	6.27213
29.50	6.25691
29.45	6.25644
29.40	6.26806
29.35	6.28830
29.30	6.31314
29.25	6.33981
29.20	6.36623
29.15	6.39146
29.10	6.41347
29.05	6.43136
29.00	6.44453
28.95	6.45304
28.90	6.45694
28.85	6.45678
28.80	6.45491
28.75	6.45450
28.70	6.45877
28.65	6.47022
28.60	6.49114
28.55	6.52284
28.50	6.56674
28.45	6.62399
28.40	6.69244
28.35	6.76857
28.30	6.84933
28.25	6.93133
28.20	7.01395
28.15	7.09703
28.10	7.18068
28.05	7.26324
28.00	7.33942
27.95	7.40306
27.90	7.44709
27.85	7.46700
27.80	7.46567
27.75	7.44783
27.70	7.41827
27.65	7.38076
27.60	7.33723
27.55	7.28895
27.50	7.23742
27.45	7.18447
27.40	7.13033
27.35	7.07498
27.30	7.01866
27.25	6.96096
27.20	6.90203
27.15	6.84278
27.10	6.78417
27.05	6.72660
27.00	6.66858
26.95	6.60866
26.90	6.54504
26.85	6.47690
26.80	6.40704
26.75	6.34009
26.70	6.27972
26.65	6.23057
26.60	6.19547
26.55	6.17825
26.50	6.18102
26.45	6.20663
26.40	6.25353
26.35	6.32114
26.30	6.40772
26.25	6.51170
26.20	6.62727
26.15	6.74837
26.10	6.86810
26.05	6.98032
26.00	7.07985
25.95	7.16191
25.90	7.22156
25.85	7.25552
25.80	7.26663
25.75	7.25936
25.70	7.23761
25.65	7.20545
25.60	7.16386
25.55	7.11302
25.50	7.05291
25.45	6.98349
25.40	6.90722
25.35	6.82625
25.30	6.74308
25.25	6.66104
25.20	6.58725
25.15	6.52933
25.10	6.49503
25.05	6.49096
25.00	6.51924
24.95	6.57930
24.90	6.67098
24.85	6.79096
24.80	6.92792
24.75	7.06885
24.70	7.19987
24.65	7.30970
24.60	7.39300
24.55	7.44716
24.50	7.46860
24.45	7.45657
24.40	7.41741
24.35	7.36029
24.30	7.29332
24.25	7.22457
24.20	7.15883
24.15	7.10023
24.10	7.05306
24.05	7.01919
24.00	6.99632
23.95	6.98019
23.90	6.96642
23.85	6.95161
23.80	6.93179
23.75	6.90336
23.70	6.86240
23.65	6.80665
23.60	6.73978
23.55	6.66643
23.50	6.59208
23.45	6.52149
23.40	6.46124
23.35	6.41759
23.30	6.39623
23.25	6.40251
23.20	6.43410
23.15	6.48836
23.10	6.56201
23.05	6.65120
23.00	6.74816
22.95	6.84562
22.90	6.93563
22.85	7.01085
22.80	7.06808
22.75	7.10418
22.70	7.11655
22.65	7.10414
22.60	7.07439
22.55	7.03717
22.50	7.00191
22.45	6.97621
22.40	6.96542
22.35	6.97301
22.30	7.00279
22.25	7.05672
22.20	7.12977
22.15	7.21443
22.10	7.30270
22.05	7.38747
22.00	7.46386
21.95	7.52819
21.90	7.57638
21.85	7.60650
21.80	7.62148
21.75	7.62547
21.70	7.62247
21.65	7.61563
21.60	7.60605
21.55	7.59522
21.50	7.58417
21.45	7.57407
21.40	7.56490
21.35	7.55679
21.30	7.54995
21.25	7.54461
21.20	7.54184
21.15	7.54364
21.10	7.55090
21.05	7.56490
21.00	7.58551
20.95	7.61177
20.90	7.64349
20.85	7.67944
20.80	7.71535
20.75	7.74648
20.70	7.76839
20.65	7.77697
20.60	7.77097
20.55	7.74966
20.50	7.71202
20.45	7.65890
20.40	7.59599
20.35	7.52975
20.30	7.46686
20.25	7.41283
20.20	7.36637
20.15	7.32448
20.10	7.28409
20.05	7.24263
20.00	7.19874
19.95	7.15140
19.90	7.09969
19.85	7.04315
19.80	6.98447
19.75	6.92708
19.70	6.87391
19.65	6.82810
19.60	6.78958
19.55	6.75842
19.50	6.73445
19.45	6.71724
19.40	6.70587
19.35	6.69967
19.30	6.69821
19.25	6.70080
19.20	6.70955
19.15	6.72786
19.10	6.75789
19.05	6.80235
19.00	6.86099
18.95	6.93358
18.90	7.01904
18.85	7.11708
18.80	7.22620
18.75	7.34575
18.70	7.47388
18.65	7.60824
18.60	7.74203
18.55	7.86736
18.50	7.97652
18.45	8.06294
18.40	8.12540
18.35	8.16302
18.30	8.17494
18.25	8.16177
18.20	8.12753
18.15	8.07869
18.10	8.02045
18.05	7.95821
18.00	7.89501
17.95	7.83323
17.90	7.77559
17.85	7.72459
17.80	7.67900
17.75	7.63760
17.70	7.59917
17.65	7.56283
17.60	7.52915
17.55	7.49930
17.50	7.47471
17.45	7.45647
17.40	7.44646
17.35	7.44631
17.30	7.45750
17.25	7.48120
17.20	7.51527
17.15	7.55663
17.10	7.60267
17.05	7.65062
17.00	7.69751
16.95	7.73999
16.90	7.77521
16.85	7.80076
16.80	7.81634
16.75	7.82219
16.70	7.81848
16.65	7.80525
16.60	7.78596
16.55	7.76377
16.50	7.74178
16.45	7.72282
16.40	7.70853
16.35	7.69877
16.30	7.69451
16.25	7.69612
16.20	7.70316
16.15	7.71527
16.10	7.73150
16.05	7.75161
16.00	7.77691
15.95	7.80915
15.90	7.84976
15.85	7.90057
15.80	7.96353
15.75	8.04135
15.70	8.13648
15.65	8.24934
15.60	8.37642
15.55	8.51134
15.50	8.64904
15.45	8.78310
15.40	8.90526
15.35	9.00648
15.30	9.07826
15.25	9.11340
15.20	9.11115
15.15	9.07232
15.10	8.99770
15.05	8.88878
15.00	8.74816
14.95	8.57864
14.90	8.38309
14.85	8.16509
14.80	7.93269
14.75	7.69594
14.70	7.46441
14.65	7.24652
14.60	7.04633
14.55	6.86735
14.50	6.71266
14.45	6.58502
14.40	6.48427
14.35	6.40950
14.30	6.35918
14.25	6.33227
14.20	6.33010
14.15	6.35467
14.10	6.40835
14.05	6.49192
14.00	6.60019
13.95	6.72691
13.90	6.86582
13.85	7.00962
13.80	7.14774
13.75	7.26811
13.70	7.35895
13.65	7.41128
13.60	7.42510
13.55	7.40277
13.50	7.34654
13.45	7.26125
13.40	7.16150
13.35	7.06510
13.30	6.98961
13.25	6.94907
13.20	6.94197
13.15	6.96364
13.10	7.00982
13.05	7.07589
13.00	7.15777
12.95	7.25076
12.90	7.34962
12.85	7.44949
12.80	7.54750
12.75	7.64101
12.70	7.72845
12.65	7.80739
12.60	7.87598
12.55	7.93202
12.50	7.97355
12.45	7.99943
12.40	8.01155
12.35	8.01286
12.30	8.00634
12.25	7.99428
12.20	7.97847
12.15	7.95920
12.10	7.93728
12.05	7.91363
12.00	7.89311
11.95	7.88096
11.90	7.88287
11.85	7.90323
11.80	7.93761
11.75	7.97958
11.70	8.02168
11.65	8.05776
11.60	8.08294
11.55	8.09397
11.50	8.08741
11.45	8.06199
11.40	8.02362
11.35	7.98005
11.30	7.93841
11.25	7.90573
11.20	7.88346
11.15	7.87281
11.10	7.87469
11.05	7.88924
11.00	7.91579
10.95	7.95265
10.90	7.99889
10.85	8.05182
10.80	8.10601
10.75	8.15503
10.70	8.19174
10.65	8.21194
10.60	8.21564
10.55	8.20464
10.50	8.18092
10.45	8.14632
10.40	8.10301
10.35	8.05429
10.30	8.00240
10.25	7.94963
10.20	7.89773
10.15	7.84810
10.10	7.80158
10.05	7.75971
10.00	7.72102
9.95	7.68475
9.90	7.64915
9.85	7.61321
9.80	7.57620
9.75	7.53750
9.70	7.49637
9.65	7.45309
9.60	7.41192
9.55	7.37911
9.50	7.36005
9.45	7.35929
9.40	7.37305
9.35	7.39582
9.30	7.42126
9.25	7.44377
9.20	7.45960
9.15	7.46559
9.10	7.45839
9.05	7.43602
9.00	7.40134
8.95	7.35776
8.90	7.30872
8.85	7.25796
8.80	7.20676
8.75	7.15632
8.70	7.10779
8.65	7.06336
8.60	7.02848
8.55	7.00964
8.50	7.01372
8.45	7.04415
8.40	7.09356
8.35	7.15142
8.30	7.20813
8.25	7.25440
8.20	7.28817
8.15	7.30962
8.10	7.31825
8.05	7.31474
8.00	7.30287
7.95	7.28790
7.90	7.27408
7.85	7.26451
7.80	7.25754
7.75	7.25080
7.70	7.24135
7.65	7.22748
7.60	7.21307
7.55	7.20246
7.50	7.20075
7.45	7.21165
7.40	7.23464
7.35	7.26864
7.30	7.31231
7.25	7.36380
7.20	7.41894
7.15	7.47197
7.10	7.51818
7.05	7.55312
7.00	7.57522
6.95	7.58474
6.90	7.58119
6.85	7.56512
6.80	7.54121
6.75	7.51532
6.70	7.49300
6.65	7.47823
6.60	7.46996
6.55	7.46513
6.50	7.46119
6.45	7.45561
6.40	7.44821
6.35	7.43801
6.30	7.42475
6.25	7.40888
6.20	7.39377
6.15	7.38435
6.10	7.38508
6.05	7.39993
6.00	7.43027
5.95	7.47612
5.90	7.53776
5.85	7.61464
5.80	7.70006
5.75	7.78656
5.70	7.86619
5.65	7.93278
5.60	7.98575
5.55	8.02595
5.50	8.05368
5.45	8.06995
5.40	8.07645
5.35	8.07542
5.30	8.06885
5.25	8.05851
5.20	8.04470
5.15	8.02725
5.10	8.00626
5.05	7.98235
5.00	7.95827
4.95	7.93695
4.90	7.92161
4.85	7.91510
4.80	7.91650
4.75	7.92463
4.70	7.93816
4.65	7.95568
4.60	7.97326
4.55	7.98710
4.50	7.99210
4.45	7.98554
4.40	7.97337
4.35	7.96263
4.30	7.96124
4.25	7.97536
4.20	8.00345
4.15	8.04248
4.10	8.08941
4.05	8.14120
4.00	8.19549
3.95	8.24988
3.90	8.30192
3.85	8.34919
3.80	8.39012
3.75	8.42319
3.70	8.44635
3.65	8.45805
3.60	8.45493
3.55	8.43313
3.50	8.38936
3.45	8.32185
3.40	8.23850
3.35	8.14870
3.30	8.06209
3.25	7.98796
3.20	7.93205
3.15	7.89965
3.10	7.89556
3.05	7.92369
3.00	7.98174
2.95	8.06646
2.90	8.17499
2.85	8.30365
2.80	8.44751
2.75	8.60084
2.70	8.75775
2.65	8.91309
2.60	9.06018
2.55	9.19382
2.50	9.30795
2.45	9.39778
2.40	9.46344
2.35	9.50522
2.30	9.52367
2.25	9.52039
2.20	9.50177
2.15	9.47479
2.10	9.44596
2.05	9.42170
2.00	9.40617
1.95	9.40446
1.90	9.42181
1.85	9.46134
1.80	9.51972
1.75	9.59164
1.70	9.67135
1.65	9.75222
1.60	9.82350
1.55	9.87339
1.50	9.89033
1.45	9.86571
1.40	9.80507
1.35	9.71767
1.30	9.61260
1.25	9.49819
1.20	9.38197
1.15	9.27010
1.10	9.16890
1.05	9.08521
1.00	9.02430
0.95	8.99034
0.90	8.98505
0.85	9.00567
0.80	9.04587
0.75	9.09708
0.70	9.15251
0.65	9.20480
0.60	9.24759
0.55	9.27498
0.50	9.28020
0.45	9.25836
0.40	9.21025
0.35	9.13779
0.30	9.04184
0.25	8.92469
0.20	8.79500
0.15	8.66125
0.10	8.53056
0.05	8.40722
0.00	8.28969
