6.264257571061997820e-11
3.259568292982274875e-10
6.531104956556478219e-10
2.177014051232269846e-12
2.501035416317225554e-08
4.293558147205056994e-11
1.750115426718219765e-10
1.169047619840848389e-10
4.989576667393649329e-10
1.837468771318889199e-10
3.452836121195254400e-09
6.273579318211698466e-11
3.285573380355107624e-10
4.516938010067006120e-10
1.505632367142730183e-12
1.740961523760088919e-08
1.009820097240890278e-10
4.116170480983998787e-10
2.749532533792275709e-10
1.173519636327411909e-09
4.321620506148969782e-10
3.483083499275590592e-09
